Year       : 2007
Country    : CHN
Sub-Region : WHOL
  
Combustion Sources [t/year]
  
Fuel Type           POWER_PLANTS   ENERGY         IRON_STEEL     CHEM_PETRCHEM  NON_FERR_MET   NON_MET_MINE   OTHERS         ROAD           DOM_NAVI       RAILWAY_ETC    RESIDENT       COMM_PUB       AGR_FORE_FISH  OTHERS         SUB_TOTAL    
HARD_COAL           0.1399422E+08  0.2361742E+07  0.6660455E+06  0.9493114E+06  0.2101205E+06  0.1253200E+07  0.4310860E+07  0.0000000E+00  0.0000000E+00  0.1570412E+06  0.1293552E+07  0.2691403E+06  0.3927398E+06  0.2105415E+06  0.2606852E+08
BROWN_COAL          0.0000000E+00  0.0000000E+00  0.0000000E+00  0.0000000E+00  0.0000000E+00  0.0000000E+00  0.0000000E+00  0.0000000E+00  0.0000000E+00  0.0000000E+00  0.0000000E+00  0.0000000E+00  0.0000000E+00  0.0000000E+00  0.0000000E+00
DERIVED_COAL        0.0000000E+00  0.2446312E+06  0.4817422E+06  0.3355769E+06  0.7330244E+05  0.1490192E+06  0.8124076E+06  0.0000000E+00  0.0000000E+00  0.9497184E+03  0.9590187E+05  0.1589299E+05  0.2391486E+05  0.4789556E+04  0.2238128E+07
NATURAL_GAS         0.1391162E+03  0.6345501E+02  0.2149368E+02  0.4654575E+02  0.3410319E+01  0.1383890E+02  0.1573279E+03  0.0000000E+00  0.0000000E+00  0.0000000E+00  0.1053271E+03  0.2769022E+02  0.6473021E+00  0.2101888E+02  0.5998712E+03
COKE_OVEN_GAS       0.1786685E+06  0.3508959E+05  0.3564915E+05  0.5370799E+05  0.5363371E+04  0.6053511E+04  0.4315652E+06  0.0000000E+00  0.0000000E+00  0.0000000E+00  0.5359635E+05  0.1045590E+05  0.0000000E+00  0.4255045E+04  0.8144046E+06
OTHER_GAS           0.6870311E+02  0.1900358E+02  0.1279003E+02  0.2939908E+02  0.9715165E+00  0.3035083E+01  0.7488645E+02  0.0000000E+00  0.0000000E+00  0.8255060E-02  0.6130389E+02  0.1726359E+02  0.1964580E-01  0.4528357E+01  0.2919126E+03
MOTOR_GASOLINE      0.0000000E+00  0.0000000E+00  0.0000000E+00  0.0000000E+00  0.0000000E+00  0.0000000E+00  0.0000000E+00  0.7393382E+05  0.0000000E+00  0.0000000E+00  0.0000000E+00  0.0000000E+00  0.2899500E+04  0.0000000E+00  0.7683332E+05
KEROSENE            0.9931856E+01  0.3789269E+02  0.1481694E+02  0.3817704E+02  0.1746840E+02  0.1872834E+02  0.3209650E+03  0.0000000E+00  0.0000000E+00  0.0000000E+00  0.1172992E+03  0.4051200E+02  0.6016000E+01  0.2964300E+02  0.6514505E+03
OTHER_LF            0.2276598E+02  0.1571677E+02  0.8088826E+01  0.1180212E+02  0.3335457E+01  0.5144426E+01  0.1151124E+03  0.5219897E+01  0.0000000E+00  0.0000000E+00  0.1634955E+03  0.2631026E+02  0.6849740E+00  0.4006800E+01  0.3816833E+03
DIESEL_OIL          0.5700146E+04  0.5825415E+04  0.3072842E+04  0.1893615E+04  0.1956253E+04  0.3960707E+04  0.5959763E+05  0.1278189E+06  0.3346468E+05  0.1366413E+05  0.5042893E+04  0.1651549E+05  0.4798252E+05  0.1153717E+05  0.3380324E+06
CRUDE_OIL           0.1750060E+04  0.5339218E+05  0.1593556E+03  0.1635636E+05  0.6356835E+02  0.2949072E+03  0.2211898E+05  0.0000000E+00  0.0000000E+00  0.0000000E+00  0.0000000E+00  0.0000000E+00  0.0000000E+00  0.1166000E+04  0.9530142E+05
HEAVY_FUEL_OIL      0.2361396E+06  0.7195001E+05  0.1169629E+05  0.2767740E+05  0.1363673E+05  0.3755637E+05  0.4340492E+06  0.0000000E+00  0.3794100E+06  0.0000000E+00  0.0000000E+00  0.7434000E+04  0.2718000E+04  0.2337000E+04  0.1224605E+07
OTHER_HF            0.2043256E+05  0.6612589E+05  0.7255734E+04  0.2371050E+05  0.9586569E+04  0.1218146E+05  0.2521641E+06  0.0000000E+00  0.5182340E+04  0.0000000E+00  0.2197380E+04  0.1272000E+04  0.2145440E+04  0.3169400E+04  0.4054234E+06
FUELWOOD            0.0000000E+00  0.0000000E+00  0.0000000E+00  0.0000000E+00  0.0000000E+00  0.0000000E+00  0.0000000E+00  0.0000000E+00  0.0000000E+00  0.0000000E+00  0.1452496E+06  0.0000000E+00  0.0000000E+00  0.1178710E+00  0.1452497E+06
CROP_RESIDUE        0.0000000E+00  0.0000000E+00  0.0000000E+00  0.0000000E+00  0.0000000E+00  0.0000000E+00  0.0000000E+00  0.0000000E+00  0.0000000E+00  0.0000000E+00  0.2038538E+06  0.0000000E+00  0.0000000E+00  0.0000000E+00  0.2038538E+06
ANIMAL_WASTE        0.0000000E+00  0.0000000E+00  0.0000000E+00  0.0000000E+00  0.0000000E+00  0.0000000E+00  0.0000000E+00  0.0000000E+00  0.0000000E+00  0.0000000E+00  0.0000000E+00  0.0000000E+00  0.0000000E+00  0.0000000E+00  0.0000000E+00
OTHERS              0.0000000E+00  0.0000000E+00  0.0000000E+00  0.0000000E+00  0.0000000E+00  0.0000000E+00  0.0000000E+00  0.0000000E+00  0.0000000E+00  0.0000000E+00  0.1749945E+03  0.0000000E+00  0.0000000E+00  0.4000455E+01  0.1789949E+03
SUB_TOTAL           0.1443715E+08  0.2838893E+07  0.1205678E+07  0.1408360E+07  0.3140546E+06  0.1462307E+07  0.6323431E+07  0.2017579E+06  0.4180570E+06  0.1716550E+06  0.1800017E+07  0.3208224E+06  0.4724075E+06  0.2378590E+06  0.3161245E+08
  
Non-Combustion Sources [t/year]
  
Industry [t/year]
  
Sector
PIG_IRON            0.0000000E+00
CRUDE_STEEL         0.0000000E+00
IRON_STEEL_OTHERS   0.0000000E+00
ALUMINUM_ALUMINA    0.1147499E+05
COPPER              0.8941551E+06
ZINC                0.4644639E+06
LEAD                0.1108752E+06
CMENT               0.0000000E+00
BRICKS              0.0000000E+00
LIME                0.0000000E+00
COKE_OVENS          0.5117977E+06
OIL_REFINERY        0.6633432E+05
OTH_TRANSFORMATION  0.3611417E+05
SULPHRIC_ACID       0.8987029E+06
OTHERS              0.0000000E+00
SUB_TOTAL           0.2993918E+07
  
Total [t/year]
  
TOTAL               0.3460637E+08
