Year       : 2007
Country    : CHN
Sub-Region : WHOL
  
Combustion Sources [t/year]
  
Fuel Type           POWER_PLANTS   ENERGY         IRON_STEEL     CHEM_PETRCHEM  NON_FERR_MET   NON_MET_MINE   OTHERS         ROAD_CARS      ROAD_BUSES     ROAD_L_TRUCKS  ROAD_H_TRUCKS  ROAD_MC        ROAD_OTHERS    DOM_NAVI       RAILWAY_ETC    RESIDENT       COMM_PUB       AGR_FORE_FISH  OTHERS         SUB_TOTAL    
HARD_COAL           0.3556964E+07  0.3408571E+07  0.1134351E+07  0.1414130E+07  0.3233144E+06  0.1649030E+08  0.3275645E+08  0.0000000E+00  0.0000000E+00  0.0000000E+00  0.0000000E+00  0.0000000E+00  0.0000000E+00  0.0000000E+00  0.3571148E+05  0.7133978E+07  0.1221057E+07  0.1735529E+07  0.8961349E+06  0.7010649E+08
BROWN_COAL          0.0000000E+00  0.0000000E+00  0.0000000E+00  0.0000000E+00  0.0000000E+00  0.0000000E+00  0.0000000E+00  0.0000000E+00  0.0000000E+00  0.0000000E+00  0.0000000E+00  0.0000000E+00  0.0000000E+00  0.0000000E+00  0.0000000E+00  0.0000000E+00  0.0000000E+00  0.0000000E+00  0.0000000E+00  0.0000000E+00
DERIVED_COAL        0.0000000E+00  0.9875837E+05  0.6248956E+05  0.8790146E+05  0.1971614E+05  0.1165194E+06  0.2480533E+06  0.0000000E+00  0.0000000E+00  0.0000000E+00  0.0000000E+00  0.0000000E+00  0.0000000E+00  0.0000000E+00  0.1406875E+03  0.9820103E+06  0.1564141E+05  0.1926254E+05  0.2603259E+05  0.1676526E+07
NATURAL_GAS         0.1164152E+05  0.3982531E+04  0.1348975E+04  0.2921282E+04  0.2140368E+03  0.8685501E+03  0.9874138E+04  0.0000000E+00  0.0000000E+00  0.0000000E+00  0.0000000E+00  0.0000000E+00  0.0000000E+00  0.0000000E+00  0.0000000E+00  0.5729086E+05  0.1737880E+04  0.2572958E+02  0.8354787E+03  0.9074098E+05
COKE_OVEN_GAS       0.1288300E+05  0.3555555E+04  0.0000000E+00  0.5440338E+04  0.3103693E+03  0.5879567E+03  0.3377185E+05  0.0000000E+00  0.0000000E+00  0.0000000E+00  0.0000000E+00  0.0000000E+00  0.0000000E+00  0.0000000E+00  0.0000000E+00  0.3591671E+04  0.8121672E+03  0.0000000E+00  0.2529345E+03  0.6120585E+05
OTHER_GAS           0.8623822E+04  0.2544411E+04  0.0000000E+00  0.3936278E+04  0.1300775E+03  0.4063710E+03  0.1002664E+05  0.0000000E+00  0.0000000E+00  0.0000000E+00  0.0000000E+00  0.0000000E+00  0.0000000E+00  0.0000000E+00  0.1105280E+01  0.9002615E+04  0.2311443E+04  0.2630400E+01  0.6063072E+03  0.3759170E+05
MOTOR_GASOLINE      0.0000000E+00  0.0000000E+00  0.0000000E+00  0.0000000E+00  0.0000000E+00  0.0000000E+00  0.0000000E+00  0.1648205E+08  0.1887348E+07  0.2196869E+07  0.2465170E+07  0.8368238E+07  0.0000000E+00  0.0000000E+00  0.0000000E+00  0.0000000E+00  0.0000000E+00  0.3371800E+04  0.0000000E+00  0.3140305E+08
KEROSENE            0.2085660E+02  0.4462604E+03  0.1744984E+03  0.4496092E+03  0.2057246E+03  0.2205627E+03  0.3655971E+04  0.0000000E+00  0.0000000E+00  0.0000000E+00  0.0000000E+00  0.0000000E+00  0.0000000E+00  0.0000000E+00  0.0000000E+00  0.1109035E+03  0.4771080E+03  0.4048580E+02  0.1994438E+03  0.6001424E+04
OTHER_LF            0.6876426E+03  0.4895520E+03  0.2469478E+03  0.3618043E+03  0.1018773E+03  0.1603919E+03  0.3627157E+04  0.0000000E+00  0.0000000E+00  0.0000000E+00  0.0000000E+00  0.0000000E+00  0.9142811E+04  0.0000000E+00  0.0000000E+00  0.5587897E+04  0.1047515E+04  0.2326327E+02  0.1360800E+03  0.2161294E+05
DIESEL_OIL          0.7828071E+04  0.1837873E+04  0.9035946E+03  0.4473941E+03  0.4209946E+03  0.8932732E+03  0.1803799E+05  0.1736837E+05  0.5307898E+06  0.5481383E+06  0.1520021E+07  0.0000000E+00  0.3279043E+07  0.7568317E+04  0.3586308E+04  0.1551258E+04  0.4127215E+04  0.1070470E+05  0.2508436E+04  0.5955776E+07
CRUDE_OIL           0.1035573E+03  0.3159407E+04  0.9429642E+01  0.9678646E+03  0.3761566E+01  0.1745071E+02  0.1308859E+04  0.0000000E+00  0.0000000E+00  0.0000000E+00  0.0000000E+00  0.0000000E+00  0.0000000E+00  0.0000000E+00  0.0000000E+00  0.0000000E+00  0.0000000E+00  0.0000000E+00  0.6899640E+02  0.5639327E+04
HEAVY_FUEL_OIL      0.4871861E+04  0.1439000E+04  0.2339257E+03  0.5535480E+03  0.2727346E+03  0.7511274E+03  0.8781734E+04  0.0000000E+00  0.0000000E+00  0.0000000E+00  0.0000000E+00  0.0000000E+00  0.0000000E+00  0.7588200E+04  0.0000000E+00  0.0000000E+00  0.1486800E+03  0.5436000E+02  0.4674000E+02  0.2474191E+05
OTHER_HF            0.1156560E+04  0.3742975E+04  0.4107019E+03  0.1342104E+04  0.5426359E+03  0.6895168E+03  0.1427356E+05  0.0000000E+00  0.0000000E+00  0.0000000E+00  0.0000000E+00  0.0000000E+00  0.0000000E+00  0.2933400E+03  0.0000000E+00  0.1243800E+03  0.7200000E+02  0.1214400E+03  0.1794000E+03  0.2294861E+05
FUELWOOD            0.0000000E+00  0.0000000E+00  0.0000000E+00  0.0000000E+00  0.0000000E+00  0.0000000E+00  0.0000000E+00  0.0000000E+00  0.0000000E+00  0.0000000E+00  0.0000000E+00  0.0000000E+00  0.0000000E+00  0.0000000E+00  0.0000000E+00  0.1186312E+08  0.0000000E+00  0.0000000E+00  0.1769906E+02  0.1186314E+08
CROP_RESIDUE        0.0000000E+00  0.0000000E+00  0.0000000E+00  0.0000000E+00  0.0000000E+00  0.0000000E+00  0.0000000E+00  0.0000000E+00  0.0000000E+00  0.0000000E+00  0.0000000E+00  0.0000000E+00  0.0000000E+00  0.0000000E+00  0.0000000E+00  0.3149541E+08  0.0000000E+00  0.0000000E+00  0.0000000E+00  0.3149541E+08
ANIMAL_WASTE        0.0000000E+00  0.0000000E+00  0.0000000E+00  0.0000000E+00  0.0000000E+00  0.0000000E+00  0.0000000E+00  0.0000000E+00  0.0000000E+00  0.0000000E+00  0.0000000E+00  0.0000000E+00  0.0000000E+00  0.0000000E+00  0.0000000E+00  0.0000000E+00  0.0000000E+00  0.0000000E+00  0.0000000E+00  0.0000000E+00
OTHERS              0.0000000E+00  0.0000000E+00  0.0000000E+00  0.0000000E+00  0.0000000E+00  0.0000000E+00  0.0000000E+00  0.0000000E+00  0.0000000E+00  0.0000000E+00  0.0000000E+00  0.0000000E+00  0.0000000E+00  0.0000000E+00  0.0000000E+00  0.9318456E+06  0.0000000E+00  0.0000000E+00  0.2895952E+04  0.9347415E+06
SUB_TOTAL           0.3604781E+07  0.3528527E+07  0.1200169E+07  0.1518452E+07  0.3452328E+06  0.1661142E+08  0.3310786E+08  0.1649942E+08  0.2418138E+07  0.2745007E+07  0.3985191E+07  0.8368238E+07  0.3288186E+07  0.1544986E+05  0.3943958E+05  0.5248362E+08  0.1247432E+07  0.1769136E+07  0.9299149E+06  0.1537056E+09
  
Non-Combustion Sources [t/year]
  
Industry [t/year]
  
Sector
PIG_IRON            0.1041475E+08
CRUDE_STEEL         0.2478416E+08
IRON_STEEL_OTHERS   0.6097083E+07
ALUMINUM_ALUMINA    0.0000000E+00
COPPER              0.0000000E+00
ZINC                0.0000000E+00
LEAD                0.0000000E+00
CMENT               0.0000000E+00
BRICKS              0.0000000E+00
LIME                0.0000000E+00
COKE_OVENS          0.1069130E+07
OIL_REFINERY        0.4116000E+02
OTH_TRANSFORMATION  0.9691000E+04
SULPHRIC_ACID       0.0000000E+00
OTHERS              0.0000000E+00
SUB_TOTAL           0.4237486E+08
  
Total [t/year]
  
TOTAL               0.1960805E+09
